38 46 0
22 9 3
47 71 4
27 39 4
30 54 4
29 8 0
88 13 4
6 89 1
53 6 3
93 26 2
26 17 3
74 40 1
37 79 1
25 45 2
55 33 1
92 66 2
69 49 3
68 69 2
26 28 4
13 20 4
7 18 4
33 15 3
69 47 2
96 93 0
29 83 2
89 46 4
24 53 1
9 1 4
60 92 4
16 71 3
2 90 4
74 71 1
83 70 0
6 0 3
7 58 2
36 22 3
47 6 4
65 37 0
10 14 2
17 66 0
7 0 0
82 40 2
67 64 0
55 59 2
98 40 4
5 18 1
44 14 1
15 28 2
90 12 1
79 13 0
64 75 1
71 44 1
72 26 3
62 19 1
57 86 1
17 86 2
70 83 1
28 60 4
11 48 3
14 55 3
96 65 2
96 55 3
77 40 4
83 69 4
42 77 2
62 75 4
94 8 3
13 45 4
1 61 2
88 56 1
30 89 2
98 13 2
33 32 0
89 63 1
83 11 1
6 63 4
62 98 3
70 67 3
14 51 4
87 72 2
26 22 4
78 48 3
11 22 2
38 77 2
54 29 2
94 10 1
16 27 1
89 34 0
59 77 0
25 58 0
12 26 3
89 52 4
11 82 2
97 47 0
32 98 2
28 9 2
76 40 2
95 92 4
57 40 4
15 61 0
16 69 3
95 36 0
49 30 0
42 60 1
87 37 3
79 30 3
79 84 2
15 93 0
89 56 0
32 11 1
97 92 4
20 81 3
8 59 2
2 65 4
5 35 4
72 21 3
20 62 2
70 98 3
45 50 4
84 97 0
8 32 2
33 24 0
75 10 1
14 34 3
93 15 1
95 58 1
48 84 4
82 89 1
20 50 0
44 3 0
60 72 2
39 60 2
41 84 3
69 62 3
3 41 1
69 57 3
0 8 3
91 42 0
46 29 2
81 97 1
96 90 0
28 19 2
88 29 1
53 3 4
71 92 0
94 17 3
2 75 0
13 58 1
68 29 4
17 43 1
77 14 4
69 55 2
68 96 2
7 79 1
27 78 2
72 54 3
21 9 3
50 17 3
68 98 0
49 35 2
45 51 1
21 33 3
82 10 2
0 76 3
14 62 1
15 37 3
87 65 1
59 82 4
46 92 0
65 35 0
86 62 1
82 96 0
21 45 1
77 43 2
47 2 3
20 74 3
29 76 3
67 27 1
71 2 2
79 2 0
81 38 2
47 91 3
12 89 2
6 76 1
1 46 3
71 39 0
49 76 2
1 37 2
1 42 3
43 63 1
5 15 3
29 93 2
37 76 2
39 2 3
52 60 1
53 48 0
33 30 2
20 10 3
2 99 0
88 65 2
4 53 0
9 72 2
51 89 0
72 52 2
33 0 0
87 50 2
3 58 3
15 86 0
33 83 4
99 48 4
0 31 2
0 51 2
99 2 3
60 63 4
13 89 0
17 92 0
38 36 4
90 20 4
68 74 4
75 81 2
24 65 1
9 57 2
34 25 4
77 69 3
83 72 0
80 61 4
14 88 1
33 87 4
16 16 0
96 49 4
11 12 2
59 32 4
95 75 4
40 53 4
14 81 3
84 67 2
85 75 1
87 56 3
48 26 3
63 24 4
42 9 2
45 0 4
56 12 1
82 36 1
90 0 1
45 69 2
76 7 4
55 87 2
20 49 4
59 32 4
93 37 3
19 60 0
6 95 0
0 38 1
64 26 1
50 94 2
47 47 0
67 31 4
27 87 2
53 51 0
9 52 1
71 69 2
43 17 3
6 30 4
45 31 0
5 76 4
23 97 3
66 19 2
92 91 4
88 58 3
73 79 0
47 94 1
58 35 0
90 98 1
92 51 1
11 32 1
74 49 4
5 65 1
99 47 4
63 38 4
61 78 3
14 94 2
83 28 4
33 88 4
60 90 2
25 63 3
71 31 1
65 83 0
33 21 4
85 27 3
99 80 3
37 31 2
78 43 0
62 98 1
94 77 0
87 98 1
55 44 0
56 2 1
13 66 2
38 26 4
53 3 2
90 4 4
3 98 0
49 29 4
88 60 0
28 94 2
39 17 2
16 53 2
67 72 3
1 23 0
7 92 3
87 11 4
82 77 4
91 16 1
15 69 0
60 51 3
12 41 3
75 4 1
94 28 2
96 18 0
17 7 1
96 34 1
55 85 4
21 31 4
85 91 2
4 85 2
23 63 2
91 30 2
1 95 0
86 62 1
65 40 2
67 10 1
34 39 0
14 25 2
93 14 2
75 86 3
12 5 1
18 38 4
14 42 2
72 90 2
74 89 3
43 62 0
62 4 2
57 31 3
47 49 3
67 42 0
77 10 3
62 79 2
55 8 3
98 80 0
5 52 3
15 30 1
51 68 4
95 0 4
71 44 0
52 27 4
45 7 4
53 26 3
58 90 0
1 81 0
67 42 2
50 81 0
78 67 3
2 5 3
50 96 2
99 30 3
32 66 1
95 43 2
54 9 1
92 43 0
81 86 4
33 39 3
53 96 1
65 54 2
56 85 3
74 79 0
93 18 0
17 86 2
76 64 4
69 74 3
1 60 4
59 95 2
10 17 3
92 47 2
63 53 2
83 4 4
98 98 0
24 35 4
97 36 4
18 64 0
56 19 0
95 59 3
42 75 1
12 54 4
65 54 0
0 50 2
8 73 3
5 83 2
8 37 2
7 37 3
75 32 4
14 92 1
19 0 2
29 68 4
25 22 3
19 84 0
13 20 1
62 61 0
94 29 0
22 85 0
65 35 4
62 11 3
55 96 4
45 35 3
42 77 2
17 49 1
17 65 2
58 62 3
77 51 4
3 79 0
7 24 1
26 92 1
9 90 1
79 0 3
56 62 4
37 7 4
21 75 4
94 57 3
78 42 2
45 91 0
40 60 4
67 97 1
45 86 3
25 27 4
56 69 2
37 57 2
67 34 3
75 20 2
24 5 1
9 7 0
3 45 2
32 85 2
15 95 1
1 42 2
11 89 2
60 65 3
76 37 0
84 76 2
53 60 0
94 51 1
59 95 2
42 23 0
94 90 2
93 54 3
40 55 1
23 28 1
15 25 3
60 28 4
27 28 1
67 82 4
47 39 4
50 46 4
81 7 0
33 6 0
9 72 4
97 96 0
41 70 4
77 23 4
77 0 2
27 77 2
77 43 3
27 35 0
13 82 0
34 58 3
47 4 3
53 23 4
86 77 3
33 4 0
10 41 1
75 60 3
87 14 4
35 51 2
49 57 4
97 39 2
38 91 3
88 5 2
70 5 0
17 91 1
97 42 2
53 78 3
75 6 2
10 17 2
31 77 1
40 57 3
14 98 4
84 7 4
83 41 2
72 76 4
30 5 4
81 24 1
13 61 1
51 56 4
29 24 0
27 91 3
87 77 0
17 12 3
60 21 4
0 18 2
93 6 3
38 50 2
44 49 1
3 86 4
8 56 1
88 37 0
31 55 3
76 40 2
43 46 3
30 21 0
54 86 4
89 30 2
20 45 1
56 9 3
40 65 1
58 30 1
98 99 4
51 48 4
56 96 0
63 34 3
28 66 4
96 42 1
34 74 3
92 93 2
89 92 2
77 4 4
0 6 3
14 42 4
64 53 4
43 50 0
7 31 2
68 35 0
95 24 3
78 83 1
79 96 0
7 0 1
74 1 3
69 18 1
4 3 4
90 44 0
33 19 1
27 23 4
13 12 2
89 39 3
79 12 4
82 44 4
83 20 1
60 33 2
13 90 0
12 22 3
90 11 1
43 42 1
42 5 0
20 72 4
78 75 1
0 71 2
79 5 1
91 18 2
41 30 1
20 80 2
26 86 1
71 44 2
87 50 0
94 50 0
15 13 3
2 68 1
79 63 3
93 3 3
59 85 1
30 70 4
84 42 3
72 80 0
93 6 1
8 51 0
31 80 1
31 7 0
5 49 2
10 4 3
43 85 4
76 74 3
26 65 1
98 36 2
29 61 2
88 47 1
31 4 1
29 3 4
69 94 0
71 4 3
10 81 2
64 45 4
5 84 4
73 21 1
60 5 0
69 63 4
81 18 4
58 19 1
71 95 0
48 17 4
43 79 0
87 24 2
69 29 2
24 64 0
4 43 3
90 81 1
97 8 0
52 24 1
27 66 1
89 47 1
8 11 1
93 40 0
9 98 1
78 9 1
14 48 3
10 57 0
88 47 1
93 85 1
41 26 4
45 78 3
28 16 0
82 82 4
1 7 0
53 46 2
43 64 2
61 73 4
26 61 1
38 43 0
53 7 3
56 35 2
66 25 1
75 57 4
32 77 3
82 9 3
58 8 2
41 8 3
12 4 3
64 89 3
78 28 4
59 11 3
17 89 0
33 57 1
3 7 4
50 37 1
88 60 2
46 71 0
45 31 2
63 74 1
12 77 2
48 52 3
94 92 1
95 66 4
63 53 1
57 31 1
66 3 0
33 97 1
4 77 0
67 64 1
28 86 3
84 51 2
50 48 2
91 32 1
28 64 0
27 32 4
9 76 1
66 36 3
49 50 3
44 7 3
67 51 0
54 86 2
25 70 4
17 31 3
18 47 1
28 31 4
78 32 2
37 79 4
1 67 0
75 62 1
8 7 2
61 55 4
13 7 2
3 0 1
53 37 2
72 74 2
93 13 1
95 21 4
36 61 4
68 25 3
72 45 2
5 82 4
73 36 2
18 88 3
69 34 3
12 19 4
77 43 2
1 36 0
35 67 3
51 99 1
73 36 3
94 65 3
86 6 1
68 95 4
48 15 2
99 17 3
10 14 2
65 87 0
97 34 4
82 17 0
16 42 3
70 95 2
53 75 1
96 47 4
34 68 0
3 41 2
85 53 1
10 72 3
87 32 4
10 62 4
71 42 1
42 39 1
58 98 3
45 7 4
80 88 4
81 85 3
17 53 0
83 45 3
25 58 2
48 7 1
1 89 0
48 24 2
72 1 0
25 17 4
25 51 0
89 79 4
88 38 0
64 20 0
9 11 2
66 63 4
28 49 4
82 63 0
20 7 2
15 59 2
18 3 3
45 18 3
52 37 1
56 7 3
0 85 1
8 92 0
64 69 4
60 72 0
87 9 3
24 62 4
10 13 0
24 7 4
38 37 1
23 7 3
91 21 4
8 0 0
36 13 1
72 5 1
36 27 0
63 86 0
57 29 3
72 32 1
63 95 2
82 76 0
70 91 2
25 38 2
25 70 4
45 26 2
51 98 1
36 67 1
13 72 4
38 44 3
97 28 3
39 17 4
74 38 2
94 90 0
49 28 0
38 7 0
24 53 0
78 74 1
56 99 0
37 35 0
41 10 1
69 42 4
44 96 2
95 85 0
98 50 0
3 14 1
38 81 4
62 3 4
96 73 3
90 24 1
48 64 0
12 77 4
24 45 3
19 97 3
81 91 2
48 84 2
5 3 3
79 28 4
82 56 2
12 6 0
80 46 4
79 52 0
48 89 0
26 8 1
9 71 2
17 71 2
88 34 3
77 81 1
53 69 3
12 0 2
74 47 1
89 77 2
95 88 4
42 97 0
38 99 2
18 80 4
63 44 2
0 58 2
79 37 3
29 20 3
4 35 2
94 64 3
41 99 0
16 85 0
17 3 1
88 94 2
28 61 1
19 56 3
91 61 3
40 16 2
82 84 3
19 63 0
53 1 1
21 58 3
78 98 4
11 2 0
60 48 1
80 24 4
17 39 0
32 13 2
81 30 1
54 22 1
98 93 3
45 29 2
15 93 1
57 10 2
32 68 2
83 88 3
94 38 1
2 43 3
63 26 4
69 29 2
48 97 4
27 25 3
4 45 2
32 55 0
98 27 2
84 27 4
45 25 1
10 66 2
95 14 2
28 60 0
49 60 3
64 43 1
12 65 3
61 41 0
22 36 0
17 28 0
36 24 3
36 42 3
72 0 4
19 36 2
56 47 4
71 20 4
70 81 4
84 42 0
10 43 1
63 46 2
79 11 2
50 68 2
46 61 2
30 55 3
22 62 4
31 82 3
86 54 2
8 15 2
45 71 4
76 52 1
6 10 0
17 60 0
87 48 2
79 41 2
90 4 1
70 19 4
88 23 0
91 61 3
87 33 2
8 95 0
74 17 1
84 66 0
4 37 0
33 50 4
1 60 2
55 13 2
7 23 0
48 14 4
59 92 1
11 53 0
55 75 1
4 98 2
5 87 2
83 81 3
55 69 0
80 21 1
77 0 3
86 82 0
35 79 2
47 98 1
48 96 2
65 72 1
62 0 2
41 69 1
38 57 3
40 90 2
52 20 3
24 45 1
84 22 1
53 23 4
61 59 3
43 79 4
49 96 0
44 71 2
37 29 4
47 22 4
57 16 1
27 73 3
82 89 3
41 32 1
94 41 4
76 46 0
91 33 0
80 40 0
80 76 3
83 18 1
79 14 4
92 73 1
70 25 1
54 78 4
50 60 0
50 66 3
69 92 1
90 10 1
1 13 1
53 2 0
66 56 1
89 40 3
20 97 2
4 78 0
87 67 0
65 37 2
24 57 4
69 33 2
19 94 3
46 55 4
3 61 4
14 28 0
66 14 0
91 43 2
8 6 0
22 42 0
21 80 1
93 20 2
90 72 4
59 46 2
42 46 3
85 36 2
83 7 1
54 87 1
39 95 3
80 37 4
81 57 4
86 31 0
73 51 1
40 95 0
12 88 1
97 47 4
67 81 3
44 32 4
99 81 0
59 87 3
