37 87 4
47 39 3
42 34 4
52 0 2
13 47 3
42 30 2
70 11 1
40 89 1
81 64 3
96 70 2
65 37 2
29 56 4
92 72 1
63 29 2
71 73 1
11 50 4
4 0 1
66 35 1
18 70 2
16 19 0
12 67 3
24 56 4
47 71 2
12 75 1
48 31 3
92 11 4
64 91 3
89 23 4
4 95 1
65 56 4
29 77 0
51 93 3
40 36 1
47 99 1
43 56 1
38 71 1
26 52 2
26 55 2
70 72 2
57 68 2
80 48 2
77 38 3
38 62 3
67 28 1
48 89 4
22 46 1
55 97 4
60 13 1
86 50 0
29 92 1
76 42 1
17 66 1
5 16 4
90 22 4
17 37 3
59 19 2
61 2 4
99 55 3
97 68 1
70 14 0
72 58 2
50 49 4
35 32 4
45 29 1
34 69 4
22 35 3
75 82 2
57 52 4
46 14 3
44 25 3
0 57 3
86 64 0
94 37 2
52 51 3
84 9 3
88 96 2
10 34 1
30 14 2
48 18 2
38 23 2
12 99 2
7 39 0
1 17 4
16 19 0
42 10 1
71 58 2
78 30 4
31 93 1
1 62 3
64 39 0
67 27 3
62 53 0
5 10 2
23 75 4
82 64 3
29 76 2
1 59 3
6 93 1
56 65 2
69 3 0
45 55 3
81 93 4
14 28 4
18 94 3
33 50 0
81 93 2
20 22 2
21 77 2
69 14 1
66 75 0
54 27 4
78 73 0
66 22 3
57 6 2
82 36 0
83 58 2
42 46 4
86 72 0
30 74 1
39 40 4
99 15 2
87 12 1
47 80 1
20 93 0
23 13 4
48 48 2
37 78 0
76 2 0
61 49 0
48 14 2
12 31 0
90 88 1
84 12 1
93 55 4
26 6 4
55 57 3
80 76 0
67 39 1
70 17 3
16 21 3
69 50 2
79 47 0
41 6 3
89 38 4
32 27 1
22 47 0
20 80 3
16 64 4
73 4 1
52 16 4
69 53 1
70 57 2
19 32 4
83 82 4
17 80 1
62 21 2
95 80 1
58 93 2
2 96 1
93 96 2
32 45 3
46 1 0
48 82 2
28 8 3
77 39 1
27 87 0
78 36 1
4 45 2
48 98 4
3 30 0
6 18 0
18 18 4
42 77 0
17 31 0
69 58 2
82 18 3
3 56 0
55 47 2
25 3 4
34 56 4
60 75 4
56 86 0
47 39 1
54 59 1
66 13 4
48 52 1
5 21 3
23 25 0
48 6 3
49 82 3
63 4 0
99 33 4
72 87 2
16 88 3
16 24 0
84 66 4
59 40 1
35 73 3
36 84 0
13 98 0
95 37 3
93 2 4
12 22 1
27 60 3
41 84 0
23 3 1
26 79 4
12 66 1
34 10 0
64 50 3
17 67 4
13 54 3
14 7 4
79 94 0
83 64 3
58 46 3
43 28 0
31 88 3
14 36 2
67 34 1
59 99 1
80 31 4
77 8 2
84 73 3
8 12 1
17 33 0
76 75 1
44 35 3
15 99 2
67 44 1
1 80 3
38 81 0
44 8 3
91 83 3
79 67 1
68 73 4
1 71 4
77 82 0
63 89 0
41 85 1
22 32 4
68 32 4
2 74 0
89 19 1
31 57 1
37 55 3
55 48 0
26 75 4
58 74 2
28 84 3
30 70 2
14 42 2
23 89 3
16 0 4
55 6 3
47 65 3
37 60 4
30 26 2
35 89 2
21 57 0
87 82 2
68 9 4
96 70 2
75 41 4
19 28 2
68 97 4
80 99 0
87 91 0
14 53 0
56 38 3
93 96 0
4 31 3
97 20 1
3 61 3
23 70 0
18 41 4
27 69 2
77 70 4
37 71 0
74 88 1
91 54 1
46 93 2
11 69 4
40 84 4
60 45 4
81 24 0
11 88 1
27 76 4
58 98 0
83 45 4
79 32 0
88 46 2
98 8 2
57 24 1
11 64 0
28 79 2
53 13 2
42 95 3
32 36 1
26 46 0
57 98 2
36 77 0
56 37 0
45 85 4
29 46 3
23 64 0
71 34 3
52 23 3
39 30 4
79 47 0
62 33 3
58 80 0
23 62 4
82 31 0
98 59 1
45 93 4
6 98 2
2 24 0
79 32 2
38 26 4
75 95 3
83 39 1
70 7 2
71 18 4
97 7 1
7 85 1
92 25 2
41 50 0
77 42 4
14 59 2
96 40 0
11 76 0
93 55 0
92 92 4
52 66 0
11 74 0
90 79 4
93 71 4
47 94 1
95 62 0
22 85 2
56 42 2
25 94 3
11 64 2
38 30 0
76 78 0
6 66 1
89 11 1
18 14 1
67 60 1
92 41 0
99 23 1
61 18 3
58 75 4
49 58 3
88 23 3
82 59 0
69 36 2
52 72 4
98 62 4
27 96 2
35 95 2
47 77 3
64 55 1
38 52 4
97 15 2
12 0 0
64 50 3
50 83 1
64 96 2
99 14 2
11 96 0
20 17 2
52 87 4
20 7 3
3 42 1
58 87 2
87 37 3
1 0 0
52 77 3
39 85 2
69 4 4
10 75 0
6 60 0
90 0 3
81 91 3
36 37 4
82 51 0
39 98 1
17 33 3
27 23 4
59 43 3
12 86 2
2 8 3
67 89 4
96 95 1
65 4 2
59 90 3
94 79 1
99 49 2
91 25 2
34 23 4
50 66 0
88 32 1
94 67 2
10 57 4
65 42 4
47 69 0
5 61 2
55 9 3
85 68 3
74 39 2
65 48 4
64 40 0
57 54 3
27 84 1
77 9 4
8 13 0
26 4 1
85 29 4
8 97 2
27 7 3
17 9 1
57 74 1
71 57 0
66 61 3
54 91 0
6 6 4
61 72 3
81 8 1
48 32 4
56 28 1
93 70 0
51 94 4
38 62 4
70 46 2
27 55 2
7 77 0
73 0 2
63 17 2
42 79 4
69 91 3
48 57 4
19 78 0
12 55 1
71 31 0
81 50 4
38 28 4
3 72 2
46 98 0
97 91 1
20 82 0
11 87 0
77 3 1
18 26 4
30 54 4
16 84 4
88 16 1
46 38 0
56 74 3
34 68 1
67 39 0
59 45 4
48 98 2
38 81 1
80 80 2
77 90 1
94 19 4
19 48 1
83 79 3
20 70 2
12 83 3
65 65 3
1 5 1
16 93 0
76 77 3
85 9 0
11 18 4
93 31 4
87 79 2
54 53 0
16 98 1
35 6 3
69 77 4
30 77 0
4 77 3
85 58 2
60 71 3
32 44 2
15 59 3
32 28 4
93 50 4
17 83 1
22 93 2
99 64 1
25 20 0
80 23 2
65 44 3
60 10 1
18 34 3
95 98 1
13 7 1
42 30 2
60 78 4
75 49 3
70 35 1
65 11 2
51 93 0
72 27 4
71 85 2
34 85 1
99 41 3
17 49 3
21 25 3
37 97 4
71 82 4
29 94 2
50 65 4
35 13 2
1 66 1
34 45 0
8 71 3
40 32 0
57 59 2
57 25 1
14 95 2
39 56 4
84 76 3
11 87 4
1 15 3
23 58 0
60 43 1
94 7 1
33 53 1
71 86 3
49 2 0
7 16 0
13 31 0
81 83 3
18 16 4
79 8 3
68 96 1
72 60 2
4 74 2
84 88 0
46 86 1
47 52 4
18 34 0
58 44 1
87 74 1
80 56 4
83 98 4
46 26 0
79 64 2
45 58 3
12 60 2
90 55 4
10 48 3
45 12 1
93 4 1
21 38 4
96 49 2
50 42 3
58 3 0
44 52 0
52 16 2
66 61 0
61 76 1
70 25 2
81 63 2
63 25 0
31 40 3
72 1 0
86 59 2
35 92 3
7 91 4
84 29 1
27 51 1
20 67 3
66 39 4
55 51 2
19 34 3
28 9 3
72 47 4
25 92 4
19 42 3
0 94 4
46 13 1
36 77 3
11 66 1
43 18 4
25 92 3
8 0 1
48 26 2
0 79 2
46 5 2
94 4 4
38 9 0
48 11 0
54 39 0
70 98 3
43 68 1
50 25 2
12 29 4
98 6 0
76 61 4
47 45 4
21 91 4
48 65 1
47 50 1
54 79 4
55 75 4
79 88 1
17 75 4
47 53 0
14 46 2
65 82 2
37 41 3
6 64 0
71 18 0
72 14 3
48 7 2
54 45 1
98 15 4
71 64 1
26 93 0
79 91 1
10 13 0
43 73 0
62 25 0
1 7 4
23 51 2
89 55 2
46 46 1
31 79 3
63 17 2
58 66 2
50 0 4
60 36 4
64 58 2
76 87 2
38 76 1
95 30 3
90 26 3
7 11 0
81 78 0
0 24 4
92 14 0
65 1 3
24 52 3
37 69 2
55 12 0
93 3 4
54 77 0
62 57 2
34 0 1
47 23 4
57 88 3
69 75 3
0 56 3
79 55 1
57 29 0
1 51 3
72 57 2
43 49 0
91 53 4
6 91 1
18 74 2
74 13 2
57 50 2
21 7 0
98 65 1
73 52 0
49 12 4
64 38 2
57 71 2
2 87 0
48 35 3
12 87 0
29 23 0
90 48 0
53 1 3
45 47 3
59 66 1
80 99 3
56 54 2
43 78 3
63 98 0
6 64 4
47 45 1
31 36 0
15 5 2
43 95 2
26 4 3
20 98 2
12 24 0
14 0 2
58 45 0
14 6 2
64 7 4
21 56 1
45 0 3
39 59 3
21 35 4
46 16 4
12 12 3
61 29 0
73 98 1
48 5 3
50 49 4
3 88 1
59 66 1
46 28 4
79 70 1
0 15 0
33 21 1
0 71 3
87 99 2
4 84 0
23 42 0
27 12 3
16 93 4
73 20 3
83 64 2
61 89 1
34 9 3
93 96 1
97 36 0
96 23 3
42 1 0
81 38 1
81 93 1
92 91 2
89 81 2
82 17 1
11 80 0
39 34 0
70 46 4
66 1 4
46 63 0
82 32 1
54 34 0
21 41 3
53 53 3
40 72 4
39 71 3
44 25 2
82 55 1
73 35 3
39 83 3
79 11 0
93 54 3
51 86 1
69 24 1
10 13 1
24 42 0
48 76 4
80 11 1
14 17 1
18 97 0
76 71 2
24 67 2
5 48 0
37 43 1
69 25 0
70 71 4
50 28 4
47 33 4
97 27 4
88 24 4
34 60 2
37 27 0
26 85 4
57 48 3
74 76 4
23 87 2
80 49 0
20 82 1
99 42 4
75 82 2
75 94 2
7 24 1
62 87 1
56 74 4
96 7 0
26 53 1
40 74 0
9 13 0
69 84 1
29 27 2
5 21 2
75 36 2
19 23 3
63 45 2
63 69 4
28 41 4
51 51 0
96 24 0
2 63 4
85 8 3
39 46 3
42 76 0
66 20 0
32 85 3
58 32 0
90 28 0
65 19 1
57 49 2
47 55 1
59 34 1
31 32 4
98 22 1
67 28 3
16 80 2
10 28 2
42 96 2
13 94 2
22 98 0
37 2 3
41 96 4
10 87 0
77 49 2
19 29 3
8 96 4
56 96 0
36 36 0
11 39 0
2 7 2
26 8 4
10 41 3
23 52 0
57 12 4
17 12 1
91 95 2
79 68 2
45 69 2
42 52 1
82 58 1
28 49 3
83 45 3
92 89 2
72 94 4
52 9 1
65 25 0
60 70 2
25 92 2
74 42 0
82 34 0
22 64 3
74 29 1
50 7 0
41 40 1
10 6 2
19 81 4
67 15 3
34 74 4
19 37 1
2 67 4
85 8 4
35 62 4
3 53 2
84 66 1
66 82 1
98 66 0
19 40 2
43 4 2
59 32 2
43 16 0
57 45 0
28 62 4
21 6 4
2 98 2
99 12 0
26 51 4
52 88 3
79 85 0
22 68 0
91 76 2
36 30 2
84 23 0
48 69 4
49 51 2
79 4 3
22 31 4
97 16 4
16 7 4
27 80 0
71 88 3
49 23 4
70 28 3
61 27 1
91 65 4
5 26 2
27 55 0
5 29 2
86 16 1
74 47 1
59 21 3
10 80 2
49 97 1
75 56 3
89 79 0
1 50 0
56 88 3
25 55 1
70 25 3
66 60 2
99 29 3
74 49 4
69 60 0
34 10 4
28 48 2
86 56 4
96 96 3
64 13 2
56 60 1
48 67 1
63 86 4
97 49 1
16 77 4
84 2 4
64 1 2
30 91 4
62 13 4
12 78 2
79 44 3
12 60 1
8 57 4
9 16 0
43 56 1
14 56 4
81 20 4
48 81 4
93 26 3
83 36 3
26 12 2
29 43 1
3 32 4
5 91 4
79 18 1
87 62 2
84 19 4
74 31 3
6 16 0
32 42 1
79 88 3
24 66 2
71 87 3
30 99 4
17 23 0
42 36 0
73 30 0
2 13 3
87 67 4
93 38 0
61 68 4
61 46 1
75 8 2
89 37 0
21 74 2
57 60 3
50 82 4
61 76 1
14 65 2
89 31 3
95 32 0
81 74 2
5 53 3
39 71 4
70 47 4
62 20 2
94 55 1
21 31 4
20 2 1
18 30 0
10 87 2
87 38 4
77 82 1
24 31 4
52 9 4
59 97 0
37 2 2
22 15 0
87 25 0
19 37 1
96 98 2
66 75 4
22 0 3
99 49 3
88 9 1
62 71 0
59 1 0
85 27 3
53 3 3
57 96 2
44 45 1
25 99 1
87 98 3
29 63 1
87 15 3
88 64 2
3 76 0
37 27 2
8 40 3
88 67 4
32 42 0
58 1 4
81 41 1
22 93 3
54 91 1
41 88 2
41 25 0
76 61 2
48 19 4
89 12 3
72 25 4
50 45 2
94 62 1
37 54 3
42 13 2
2 56 2
85 45 0
89 39 0
27 29 4
1 28 2
71 79 4
48 16 4
59 80 2
68 61 0
27 47 0
33 64 4
46 55 4
11 46 1
77 49 4
78 32 1
13 14 1
89 94 3
72 77 4
48 62 2
25 43 2
9 51 1
19 96 2
61 54 0
39 40 2
4 74 2
70 46 0
59 17 3
22 46 3
47 46 4
34 23 3
78 99 0
74 82 2
62 46 2
3 64 3
20 35 1
9 99 0
77 8 4
73 1 0
94 72 3
3 88 2
23 8 3
68 38 4
19 91 3
92 16 4
12 8 4
88 59 2
44 31 2
21 19 3
76 89 4
89 59 3
3 88 3
63 12 3
92 87 3
36 98 1
16 19 0
71 88 4
55 37 1
26 66 2
7 4 1
35 93 3
34 47 2
83 4 0
0 74 1
24 51 4
56 56 3
74 24 0
0 48 3
58 9 0
26 10 3
79 91 0
1 12 1
48 63 2
77 80 3
1 78 4
11 81 0
47 62 3
0 71 1
45 97 4
36 56 1
4 2 3
51 40 0
3 22 1
34 46 4
52 20 4
84 13 3
44 32 3
84 52 3
84 51 0
94 97 1
36 45 0
38 79 3
17 89 1
72 85 0
26 26 0
64 51 0
94 32 0
51 97 2
65 64 0
4 22 2
68 38 2
63 11 2
20 59 4
84 21 1
18 96 0
70 66 3
76 52 3
95 34 2
33 74 1
18 58 3
72 45 3
39 19 0
90 44 3
76 86 3
93 4 1
10 26 0
58 60 4
0 70 1
4 93 0
19 57 0
81 36 4
4 51 1
22 21 2
84 97 2
15 42 4
56 64 3
62 1 3
42 42 3
75 45 1
64 34 3
40 27 3
34 26 4
45 22 2
4 50 2
80 14 2
70 25 3
65 19 2
62 38 1
13 24 4
17 3 2
88 23 2
82 54 0
12 82 3
43 0 2
31 31 0
94 48 2
76 94 0
99 75 4
55 11 3
29 66 4
87 68 4
22 51 0
28 96 2
89 10 0
97 47 1
73 74 2
17 48 0
18 55 4
8 73 3
46 35 0
78 43 2
34 47 4
64 42 0
20 86 2
63 18 0
38 36 3
57 95 0
32 62 0
97 33 0
2 15 3
97 2 3
19 30 1
83 97 4
8 46 0
86 47 0
52 59 1
71 18 1
69 97 4
64 93 2
28 65 1
89 69 2
22 8 1
50 10 1
37 20 3
76 46 2
73 71 0
84 86 4
61 86 0
50 56 3
95 58 4
60 46 1
72 90 4
45 82 3
85 27 0
1 13 4
87 19 1
40 33 1
88 41 1
64 32 3
86 2 2
78 73 2
89 2 1
80 38 3
3 21 2
2 73 1
17 19 2
33 41 3
84 92 3
11 29 2
54 86 1
4 38 4
87 24 2
14 87 4
7 33 3
33 31 2
20 26 3
37 42 1
1 78 1
97 16 0
63 93 2
16 69 0
90 11 0
65 15 1
55 76 2
3 20 0
61 55 2
10 88 4
55 66 3
2 95 1
46 36 2
0 19 3
95 31 1
33 80 1
12 50 0
41 95 3
66 66 2
33 78 2
32 88 2
74 92 2
97 4 3
73 61 0
52 47 3
72 88 4
90 72 0
93 68 3
12 80 3
55 3 0
39 72 3
42 9 3
0 22 4
84 19 1
93 19 2
26 76 4
47 43 3
84 77 3
49 99 0
4 91 1
27 86 1
88 26 4
72 90 4
79 16 1
13 25 3
6 42 3
65 35 2
4 28 3
42 24 3
97 51 1
35 15 2
40 60 1
81 6 3
81 59 2
33 41 2
7 9 3
88 67 3
13 73 0
86 85 1
93 4 1
70 86 0
85 30 2
5 33 1
21 74 4
23 80 4
26 96 1
21 40 4
60 52 2
10 57 4
28 52 0
44 77 2
60 90 4
66 65 2
27 69 1
13 14 0
46 1 0
51 46 2
13 19 4
82 48 0
65 99 1
71 44 1
27 92 0
64 74 1
91 23 3
93 53 1
69 60 1
38 21 0
51 41 2
4 42 0
3 7 4
47 63 2
92 40 1
48 19 3
10 39 4
43 95 3
85 69 1
37 7 3
71 23 1
52 28 2
78 89 2
60 46 1
58 56 3
81 64 3
39 22 3
82 47 0
86 63 3
84 84 3
47 2 0
67 64 3
63 58 4
7 5 0
42 41 4
47 5 1
12 82 3
67 77 2
98 20 3
35 76 4
74 41 4
77 38 2
67 30 4
98 90 0
17 76 2
41 99 2
73 70 1
50 14 3
63 91 4
21 81 4
11 26 2
66 12 3
30 88 2
45 40 3
45 71 0
17 45 4
49 33 0
12 26 3
29 25 4
32 73 0
21 5 2
15 3 0
2 25 1
98 50 3
12 33 4
48 50 3
21 72 0
71 55 2
95 67 1
89 43 4
45 94 1
76 88 2
14 79 1
53 94 1
9 15 0
22 72 0
96 49 1
32 39 2
60 49 1
85 3 3
27 39 3
87 23 4
93 18 1
18 82 1
48 55 1
62 94 0
63 31 1
99 80 1
94 23 1
96 33 4
82 10 0
59 30 4
25 67 2
35 99 4
75 64 4
54 34 0
5 11 0
93 71 1
77 82 2
58 59 1
89 34 0
2 52 1
92 37 3
54 68 0
86 10 0
88 96 2
23 40 0
74 3 3
12 69 1
43 24 2
17 10 4
96 55 4
35 60 0
65 93 0
52 84 0
90 54 0
68 35 1
85 31 1
45 92 4
0 47 3
97 57 4
11 63 3
70 18 1
59 24 2
86 0 3
32 19 0
66 34 1
46 16 3
30 19 1
70 92 4
41 30 4
16 29 3
2 82 3
70 40 3
40 30 1
79 93 4
41 30 3
8 23 2
40 18 1
16 44 1
4 62 4
59 83 0
16 11 2
31 66 0
34 33 4
58 71 0
68 68 1
97 84 1
99 17 1
95 16 3
79 27 3
11 40 3
81 68 4
3 3 0
90 35 1
17 72 3
91 66 2
21 77 0
83 0 2
27 61 4
26 82 2
22 45 3
39 9 4
70 24 3
77 88 3
56 67 3
91 76 0
98 74 2
72 34 3
54 69 4
56 0 3
88 6 2
8 26 1
64 70 3
37 27 0
75 0 3
89 29 1
80 9 2
42 15 2
7 3 2
16 1 4
68 71 0
26 94 4
96 16 0
86 76 0
73 77 4
60 76 4
0 76 1
61 39 3
16 68 1
78 80 3
43 65 3
14 16 4
2 74 2
50 86 2
31 21 3
87 76 4
50 17 3
63 60 3
92 84 1
94 8 1
14 29 2
82 70 2
52 15 4
29 10 4
98 95 1
0 22 2
79 19 0
76 79 2
57 3 3
32 44 2
9 99 0
92 99 2
8 42 1
16 43 1
24 70 3
98 1 3
61 53 4
93 29 3
96 56 3
15 72 2
55 85 2
39 84 2
88 55 4
65 69 4
42 23 1
14 93 4
99 48 4
71 14 2
66 98 0
74 88 0
44 35 4
69 34 3
16 39 2
28 20 0
58 79 2
3 38 3
65 60 3
34 13 2
67 54 2
26 76 2
94 21 0
23 72 3
78 5 3
35 35 1
79 31 1
63 6 4
30 23 3
18 54 4
18 39 3
26 55 4
17 43 4
38 93 4
39 38 0
99 68 3
18 95 4
96 80 0
18 16 2
91 71 0
23 44 0
70 77 2
53 10 3
22 22 0
78 62 4
5 57 2
67 43 1
25 75 3
73 91 4
61 78 3
96 91 3
69 67 2
0 95 3
80 8 3
39 3 1
56 89 4
74 69 0
48 40 4
40 68 0
77 37 4
55 34 3
1 45 3
10 15 3
82 45 2
24 54 4
14 45 2
64 32 2
28 79 2
60 11 3
79 18 0
86 49 3
69 90 0
10 65 2
87 27 3
51 41 3
41 42 0
19 42 4
32 81 3
25 61 1
25 98 2
90 23 3
40 78 2
53 71 2
50 41 0
40 38 2
33 59 2
51 2 2
61 21 0
46 22 0
67 64 0
12 36 0
52 42 0
73 89 2
45 76 0
79 37 0
44 63 4
32 53 2
58 14 3
53 63 3
71 49 2
46 61 1
93 84 2
77 91 3
88 65 4
48 52 2
59 62 0
59 3 0
9 78 3
26 42 0
87 41 4
84 85 2
9 86 3
80 30 4
35 29 4
22 40 2
26 9 0
54 40 1
90 40 2
72 4 2
28 63 4
93 13 3
65 29 2
79 11 2
15 12 3
66 76 3
34 44 1
46 69 1
54 46 1
42 19 3
86 30 3
28 15 1
49 62 1
44 69 3
6 64 0
69 52 0
52 5 0
50 93 4
89 95 4
43 37 3
9 52 0
63 3 2
64 63 4
89 47 3
43 10 4
71 85 3
47 36 0
19 94 2
51 33 4
11 61 1
78 25 3
48 42 0
68 80 4
71 70 4
74 36 0
85 57 0
6 96 2
82 48 0
65 41 0
75 11 1
43 61 4
77 80 4
79 38 1
67 33 4
88 91 2
91 28 2
68 82 0
84 50 4
18 64 4
79 91 0
11 54 0
61 1 0
65 67 3
66 24 3
35 5 3
92 55 2
56 74 4
47 39 1
39 47 0
90 88 4
59 97 4
81 20 2
34 44 2
8 21 3
85 75 0
52 4 4
98 68 4
34 34 0
33 25 4
71 25 3
22 54 0
10 43 3
98 48 2
9 17 2
49 90 4
43 15 2
22 26 3
61 25 0
72 52 4
23 43 4
32 61 4
51 99 1
90 38 4
98 49 2
8 20 1
72 42 3
24 16 0
28 22 4
96 86 2
41 29 1
72 54 4
6 36 3
53 31 2
43 42 2
82 30 3
59 52 2
38 52 4
65 43 4
99 15 2
93 86 2
83 83 1
59 90 0
32 65 1
38 50 4
65 51 4
66 22 0
43 18 1
96 19 3
58 14 4
65 49 3
69 48 3
97 97 4
35 52 2
38 52 0
28 97 4
2 55 1
12 18 3
20 56 2
98 44 1
39 38 2
40 91 4
40 7 2
10 97 2
34 74 0
8 93 0
73 14 0
57 39 4
19 86 2
13 20 0
89 28 2
12 47 4
92 85 0
82 11 3
1 28 2
40 84 2
60 54 1
15 51 4
65 70 3
2 34 2
22 59 4
79 84 0
48 56 3
84 80 1
64 51 0
24 30 3
29 67 4
89 21 1
81 53 0
88 61 3
54 67 2
13 29 4
15 96 2
50 4 0
52 72 0
76 55 2
3 92 2
82 90 1
20 89 1
79 54 2
83 85 1
85 22 2
57 87 1
67 13 4
53 27 3
97 31 2
62 18 4
9 16 1
53 56 1
72 95 2
37 54 3
74 25 3
81 41 2
7 54 3
28 61 3
96 74 0
90 84 2
85 90 1
67 43 4
68 15 0
74 66 1
92 69 1
55 7 3
70 38 0
21 1 2
16 41 4
38 9 4
67 26 1
5 43 0
30 83 3
3 87 2
85 25 3
90 48 0
86 38 1
88 59 2
60 5 0
93 96 1
37 26 4
5 45 4
48 93 0
6 97 1
56 72 4
38 14 4
30 24 0
60 28 3
73 95 2
24 53 4
31 94 0
24 18 3
96 32 3
49 97 3
98 63 0
47 9 2
17 79 1
38 71 0
53 36 2
37 28 2
84 59 4
77 13 0
38 80 2
88 67 3
20 51 1
43 91 3
91 90 0
61 82 3
72 88 1
54 1 3
89 27 0
59 36 2
12 89 3
30 52 0
16 43 1
22 56 0
75 1 4
73 73 4
78 43 3
8 72 3
13 64 1
61 47 4
97 62 4
54 48 2
91 93 2
89 93 0
39 21 3
58 20 4
29 14 1
56 24 1
97 15 4
18 96 3
92 45 2
37 32 2
82 2 0
67 64 3
60 62 2
62 86 1
97 54 2
92 5 3
24 25 2
83 16 3
79 63 1
93 16 2
79 6 2
10 88 2
54 53 4
76 20 0
25 42 0
1 67 3
27 38 0
1 16 1
71 4 4
62 60 2
20 29 1
84 42 3
64 76 2
58 74 1
50 96 4
96 62 1
73 55 0
31 93 3
51 95 4
66 95 4
99 95 3
3 64 4
86 51 1
84 55 2
98 68 4
58 87 2
85 49 4
22 4 0
44 72 1
20 61 0
25 72 3
29 90 0
34 16 1
51 97 1
54 45 2
27 51 3
99 23 0
38 53 3
17 77 2
47 30 1
67 11 0
91 76 3
5 38 1
62 76 4
30 57 2
77 73 3
59 38 2
76 87 0
97 28 2
89 7 1
78 56 1
27 24 1
56 6 2
50 87 4
7 5 1
5 54 3
22 46 1
27 74 3
54 31 4
41 75 4
29 21 2
96 40 1
84 59 4
64 7 0
14 7 3
32 54 3
19 93 1
76 52 2
75 9 4
49 67 0
15 71 4
9 37 3
25 37 0
12 6 0
74 62 4
11 66 4
29 49 3
88 65 4
23 41 1
80 39 3
58 55 1
25 25 4
59 42 3
58 54 4
73 8 3
2 93 2
33 10 3
31 63 1
28 51 4
