0 0 0
12 -50 2644
39 28 2305
-43 -16 2105
4 1 17
26 -10 776
18 30 1224
-28 -8 848
-46 -43 3965
2 -14 200
44 0 1936
-3 1 10
-34 14 1352
-38 -39 2965
-3 -6 45
26 25 1301
-9 -8 145
10 -1 101
12 -31 1105
-13 33 1258
12 -19 505
18 -4 340
17 19 650
-17 29 1130
-19 -39 1882
27 49 3130
-20 12 544
-27 -43 2578
-13 42 1933
-37 -39 2890
19 -18 685
-4 -31 977
11 25 746
48 -2 2308
23 -38 1973
10 -30 1000
-33 -21 1530
21 14 637
-48 -2 2308
10 -38 1544
5 24 601
41 -34 2837
4 37 1385
-6 -44 1972
42 -32 2788
-10 -29 941
20 -26 1076
42 -26 2440
-32 49 3425
39 -1 1522
-25 -3 634
-41 14 1877
24 -13 745
-21 -32 1465
1 -16 257
-39 17 1810
5 -36 1321
-25 -38 2069
-30 47 3109
-27 19 1090
-5 32 1049
-40 0 1600
48 20 2704
-33 13 1258
29 41 2522
-29 -1 842
36 -40 2896
-39 -47 3730
19 20 761
43 -1 1850
-22 29 1325
-29 -50 3341
8 -13 233
6 4 52
-40 14 1796
45 -3 2034
-10 -47 2309
-40 10 1700
-21 -27 1170
4 -47 2225
13 -31 1130
-29 -27 1570
39 13 1690
29 31 1802
-28 11 905
5 18 349
-38 -44 3380
0 7 49
-40 18 1924
46 40 3716
-8 17 353
-29 30 1741
-13 12 313
19 40 1961
-38 -42 3208
-27 -42 2493
-42 -15 1989
-25 -26 1301
46 14 2312
3 -43 1858
-49 13 2570
-2 -11 125
-4 23 545
-38 2 1448
-12 5 169
18 -1 325
45 -30 2925
-30 26 1576
30 -31 1861
8 -29 905
-29 32 1865
17 -48 2593
47 -7 2258
25 32 1649
26 31 1637
46 34 3272
8 32 1088
30 -19 1261
26 -8 740
-2 -30 904
0 -25 625
18 -20 724
34 -13 1325
15 -14 421
43 40 3449
4 -3 25
-17 -38 1733
4 -44 1952
48 -15 2529
-29 26 1517
39 -2 1525
-21 -41 2122
-24 -8 640
-20 45 2425
-41 -40 3281
7 16 305
-48 -14 2500
-17 -33 1378
41 -43 3530
6 1 37
3 -3 18
-9 24 657
6 46 2152
-37 17 1658
41 40 3281
1 41 1682
18 -15 549
45 -10 2125
1 -25 626
-31 9 1042
35 -37 2594
39 30 2421
-12 4 160
-43 20 2249
41 -32 2705
-34 -36 2452
-36 -9 1377
-8 4 80
49 -46 4517
42 12 1908
26 -45 2701
16 11 377
-47 -30 3109
13 -18 493
16 11 377
-40 45 3625
-2 36 1300
42 7 1813
-40 -10 1700
23 44 2465
46 -21 2557
-25 -11 746
31 -32 1985
7 -37 1418
-50 -8 2564
48 -24 2880
15 -50 2725
-49 -21 2842
-26 27 1405
-26 -20 1076
2 21 445
-46 38 3560
-16 25 881
-15 -40 1825
8 20 464
42 -46 3880
32 -12 1168
38 -42 3208
-7 22 533
-23 7 578
-17 -31 1250
46 41 3797
5 -7 74
-13 33 1258
39 -28 2305
13 -2 173
-15 41 1906
-38 -49 3845
-35 36 2521
28 -29 1625
-47 -6 2245
-23 47 2738
43 25 2474
15 11 346
20 34 1556
14 24 772
-18 28 1108
-45 -33 3114
6 44 1972
-24 -26 1252
-26 -45 2701
-31 39 2482
-21 31 1402
-31 -11 1082
45 -14 2221
-14 -21 637
-39 -41 3202
-31 26 1637
-49 27 3130
25 -18 949
-2 -29 845
-27 8 793
21 23 970
24 11 697
11 -22 605
-23 13 698
33 -37 2458
40 35 2825
43 -33 2938
-37 39 2890
-40 23 2129
36 -12 1440
-47 -11 2330
-34 -25 1781
-3 -2 13
13 37 1538
-6 -9 117
47 33 3298
-1 -32 1025
-11 -12 265
33 -40 2689
27 -26 1405
10 19 461
11 14 317
-48 48 4608
11 29 962
-22 35 1709
-27 -5 754
-38 6 1480
-45 -10 2125
19 -18 685
43 -1 1850
-9 32 1105
40 18 1924
20 20 800
41 -26 2357
-6 -26 712
-3 -43 1858
-44 16 2192
32 -35 2249
32 -8 1088
-14 3 205
-32 -22 1508
22 -41 2165
-30 19 1261
-4 -20 416
22 -14 680
-26 21 1117
23 23 1058
-41 28 2465
47 -29 3050
32 46 3140
36 -12 1440
-28 -25 1409
-5 18 349
3 40 1609
22 -31 1445
-1 -22 485
28 11 905
26 -36 1972
11 -40 1721
-6 -40 1636
11 -4 137
18 -14 520
37 44 3305
-44 38 3380
-18 13 493
-28 -33 1873
13 -6 205
-28 -49 3185
43 25 2474
-49 -19 2762
-22 36 1780
-29 21 1282
23 31 1490
26 27 1405
-36 -24 1872
-43 -6 1885
-48 -6 2340
-16 34 1412
-35 -37 2594
20 -32 1424
-44 46 4052
22 1 485
-33 0 1089
-4 -10 116
-44 4 1952
-7 -2 53
40 4 1616
29 -28 1625
18 -30 1224
46 -9 2197
24 5 601
-32 -9 1105
15 1 226
32 -30 1924
-49 32 3425
-17 -18 613
-35 -31 2186
-23 -27 1258
49 -31 3362
12 35 1369
14 -3 205
5 -10 125
-40 3 1609
42 -12 1908
-25 -36 1921
5 -8 89
-27 -31 1690
20 2 404
34 40 2756
49 -40 4001
-9 -10 181
-16 -43 2105
5 -13 194
-21 -2 445
30 -50 3400
-35 14 1421
37 10 1469
-50 -46 4616
42 15 1989
18 32 1348
-8 -47 2273
11 31 1082
2 -23 533
9 -41 1762
7 41 1730
-20 -1 401
29 -33 1930
0 48 2304
-27 8 793
0 -8 64
28 11 905
-25 -5 650
5 24 601
-16 48 2560
-30 -23 1429
8 -20 464
-40 -24 2176
-34 34 2312
23 25 1154
-26 39 2197
0 -2 4
-44 40 3536
25 41 2306
-14 -12 340
-41 40 3281
-31 -5 986
46 -24 2692
33 -5 1114
-34 18 1480
20 -41 2081
12 45 2169
33 -43 2938
-25 46 2741
-45 24 2601
-40 -40 3200
27 -7 778
11 13 290
6 1 37
19 8 425
35 20 1625
-8 31 1025
-30 44 2836
32 -16 1280
40 5 1625
1 46 2117
-2 32 1028
-48 -37 3673
24 26 1252
-40 -21 2041
-3 -50 2509
21 20 841
-11 -47 2330
-33 20 1489
-22 25 1109
-28 26 1460
15 0 225
-4 -4 32
46 -30 3016
18 1 325
-33 29 1930
-12 -38 1588
41 45 3706
-14 -41 1877
22 -33 1573
41 -41 3362
26 26 1352
-2 -45 2029
-12 -36 1440
32 27 1753
43 -48 4153
-46 -2 2120
33 -40 2689
-36 -43 3145
29 -2 845
-12 37 1513
-37 16 1625
-28 24 1360
38 33 2533
-1 48 2305
34 36 2452
9 -26 757
6 -45 2061
27 -22 1213
23 12 673
-34 44 3092
33 19 1450
22 15 709
5 -19 386
-18 0 324
45 15 2250
3 29 850
-16 -39 1777
-2 26 680
29 28 1625
17 31 1250
49 34 3557
-48 47 4513
-46 -27 2845
-36 13 1465
-29 32 1865
29 -18 1165
1 -15 226
13 -10 269
-11 18 445
40 -46 3716
39 37 2890
41 -3 1690
25 37 1994
-28 -35 2009
-19 23 890
-46 32 3140
26 -28 1460
-42 40 3364
-18 45 2349
-19 44 2297
47 33 3298
45 24 2601
27 42 2493
13 -13 338
46 7 2165
-40 -22 2084
18 40 1924
-33 48 3393
-13 -10 269
40 40 3200
-18 41 2005
4 -41 1697
-34 -25 1781
15 -17 514
21 -42 2205
-5 34 1181
8 -27 793
-26 -45 2701
-22 -25 1109
-40 -6 1636
15 -7 274
28 -26 1460
44 29 2777
21 12 585
-19 -50 2861
5 -7 74
49 -38 3845
45 -28 2809
-23 9 610
44 9 2017
31 1 962
8 9 145
17 -49 2690
36 31 2257
47 -1 2210
37 10 1469
6 -34 1192
-37 8 1433
-31 39 2482
32 -33 2113
-9 -8 145
6 -42 1800
-14 -1 197