26 23 2
51 99 1
45 68 3
47 6 4
23 63 3
43 69 2
11 19 0
10 50 4
80 82 1
18 94 4
57 11 2
53 91 2
95 35 1
63 60 3
74 75 2
99 42 2
76 86 3
38 5 4
53 9 4
85 86 0
54 93 4
90 39 3
30 86 4
50 12 0
68 1 3
78 13 2
50 88 2
51 16 2
17 57 0
21 6 2
66 34 1
18 13 3
10 51 3
48 2 2
43 14 3
59 72 1
3 53 3
21 18 2
96 58 1
75 68 3
72 26 4
65 24 4
13 56 3
95 5 1
3 17 1
50 59 4
91 39 1
62 49 2
33 69 2
37 9 4
33 46 0
58 51 0
33 46 2
18 58 1
37 35 3
72 66 0
88 16 3
18 78 3
90 18 4
53 48 1
68 74 4
0 47 3
21 52 1
96 12 1
10 0 3
92 60 3
21 51 4
22 65 3
10 64 3
20 70 4
20 35 1
60 57 1
6 49 0
76 83 4
3 14 0
27 96 3
58 14 0
84 67 1
10 40 1
32 97 1
98 54 2
3 55 3
4 36 4
6 50 3
91 84 3
62 76 0
76 70 2
57 74 4
55 21 1
14 86 4
60 21 1
52 41 0
36 16 2
79 40 2
17 81 3
10 47 3
55 62 2
34 81 0
28 97 1
56 69 3
42 86 3
80 99 3
84 10 2
27 99 4
71 47 4
19 64 3
56 32 2
76 4 0
70 24 0
93 63 1
30 99 4
88 40 2
1 48 0
91 97 1
16 33 4
9 84 4
61 50 4
12 20 1
90 91 1
36 73 0
5 74 1
86 18 4
41 25 0
85 94 1
54 53 1
12 69 2
15 38 2
89 13 0
33 57 4
65 26 0
83 75 2
31 63 4
37 57 1
69 24 1
70 54 4
73 55 4
19 41 1
66 46 2
35 27 1
19 93 1
96 21 3
61 36 0
7 59 1
36 11 2
92 42 1
33 38 2
56 57 3
92 13 2
60 32 4
42 26 1
76 13 0
38 8 2
37 22 1
94 80 3
16 61 1
36 41 1
2 27 3
13 55 4
62 54 2
56 15 2
32 58 0
23 42 2
38 99 3
96 56 2
48 48 1
7 58 3
56 92 3
61 61 3
98 69 0
33 26 4
8 10 4
83 91 1
36 51 1
28 41 0
46 74 3
84 22 4
56 62 3
97 67 1
81 91 2
30 60 0
74 25 3
58 27 1
48 0 0
59 10 2
44 5 0
6 63 0
37 26 3
4 4 3
68 92 3
52 57 2
90 41 0
68 5 2
96 95 3
79 61 4
86 54 4
54 84 1
7 75 1
78 59 2
98 96 0
51 64 2
11 68 3
40 55 0
47 62 0
73 22 3
1 4 0
26 2 1
42 16 1
73 29 1
69 47 4
63 63 2
82 52 3
49 75 0
7 99 2
15 62 0
44 97 4
58 82 4
14 82 0
99 11 3
61 83 2
38 4 3
87 2 1
23 99 1
20 33 2
16 11 1
32 93 0
81 71 3
86 55 3
82 11 0
18 94 2
50 46 1
43 52 0
5 30 4
31 95 3
52 5 0
93 95 1
49 1 4
84 38 0
47 15 4
39 74 0
75 0 0
3 1 2
15 22 1
55 56 4
86 68 3
9 61 1
64 7 4
52 36 1
95 39 4
31 75 1
87 57 1
79 57 2
69 20 4
72 59 3
77 13 3
59 40 2
21 72 0
45 65 3
53 13 4
38 19 2
83 97 3
4 69 1
52 83 2
23 31 0
12 93 4
55 64 4
71 64 2
89 16 1
14 41 1
18 91 4
67 45 1
6 16 3
61 78 4
58 80 0
45 92 3
0 14 3
99 48 2
2 95 0
47 6 4
46 92 2
95 10 3
6 95 2
27 48 2
87 43 0
46 66 4
15 34 4
22 32 0
63 86 1
39 5 0
31 45 4
56 78 2
7 57 0
67 61 2
94 0 1
2 31 4
54 19 1
35 38 4
73 80 1
7 45 4
16 38 1
24 82 1
17 6 1
27 27 2
26 61 2
36 57 4
29 68 3
85 46 4
18 42 4
60 15 0
24 25 3
91 76 3
24 26 0
50 67 2
45 74 0
52 57 2
18 66 4
64 8 1
16 7 2
26 59 1
49 52 3
53 11 4
82 99 3
60 15 1
64 50 0
30 53 1
1 35 4
77 57 1
45 49 0
60 93 4
37 76 2
42 11 0
25 0 0
17 92 1
38 31 0
53 65 1
7 10 0
67 71 0
5 37 0
11 3 2
80 86 4
53 33 4
57 84 2
20 32 2
98 13 0
15 62 2
14 4 2
96 6 4
7 18 4
0 15 1
55 98 1
77 67 1
79 62 0
83 92 4
54 73 1
42 86 1
49 77 2
86 83 4
6 90 4
78 97 1
51 72 1
43 65 2
33 35 3
38 78 4
0 11 0
10 66 2
16 26 4
31 68 1
73 46 3
91 64 2
38 51 3
35 76 0
30 87 0
49 57 2
93 74 2
46 31 4
70 78 3
47 22 3
10 34 1
41 73 4
90 54 2
50 79 3
60 3 3
55 99 0
8 55 1
14 36 4
58 13 3
54 13 3
39 47 1
24 88 0
80 57 2
59 24 0
84 21 3
9 4 3
67 68 1
25 83 1
33 10 4
74 98 1
69 87 0
35 79 2
37 34 3
40 98 2
